Threads(1)	668		96		99		102		98		96		96		86		101		86		Max: 668	 Min : 86
Threads(2)	148		97		106		99		131		107		102		107		146		97		Max: 148	 Min : 97
Threads(3)	87		140		89		89		129		141		92		99		169		136		Max: 169	 Min : 87
Threads(4)	94		89		88		132		88		95		96		121		95		96		Max: 132	 Min : 88
Threads(5)	103		117		99		95		113		102		94		127		100		97		Max: 127	 Min : 94
Threads(6)	111		91		99		112		97		98		109		98		136		126		Max: 136	 Min : 91
Threads(7)	102		104		145		145		226		309		197		105		141		108		Max: 309	 Min : 102
Threads(8)	378		329		329		312		347		248		257		331		326		226		Max: 378	 Min : 226
Threads(10)	489		479		559		568		471		491		463		400		442		508		Max: 568	 Min : 400
Threads(32)	1601		1646		1649		1708		1672		1562		1448		1578		1486		1551		Max: 1708	 Min : 1448
Threads(64)	3224		3093		3159		3078		3320		3387		3242		3152		3137		3121		Max: 3387	 Min : 3078
Min :	86